Tables 211. Ροιιι· 100 plantes.

Poida
den graines

N d’aspara-

N d’albumine gine

Poids frain Poids see

 

1111 111117.ε 01²1!

nq.nutr. 0⁸1¹ 1111111117. ⁰⁸11 1111111111. munit. 0²1⁰

‘18

omines 10106 - - 09677 08190 00679 00608
carmes 11690 - 9997 09731 0 8931 0-0381 00419
1 jour 11974 3610 9800 09489 07689 00366 01646
9 joma 11·332 4117 9-717 0-9998 07076 00643 01680
3 ,, 1 1 978 4770 10 963 09843 06734 0 0719 09397
4 ,, 11-908 1 16-00 9663 09699 06769 01800 09030

, 11990 6600 9683 09638 0 6499 09346 01800
5 ’‘⁸'' 11-604 13476 10308 09740 04066 03499 0 9176
6 jum-0 11900 13900 9330 09601 06191 09914 0-9166
7 ,, 11048 110 00 9486 0-9138 0 3118 0-3746 09974
10 ,. 9860 10970 1944413994 10094 10636 08088 08893 0-9696 03064 03793 04641 01739 01188
16 ,, 10678 10360 17149 14688 10917 11097 08991 08769 03971 03063 0-4614 04199 00336101607
90 ,, 10306 10346 17637419491 10497 16016 0-7916 09636 03147 04693 09747 03889 01391 ι01163
, , 9688 9848 99600191894 17 939λ 16668 09916 10898 06016 04780 03066 0-4773 01136 01337
‘³⁰³⁸ 9808 9796 90600193146 16011 18107 09636 19968 04349 04907 04399 04646 00894ᾗο-9716
40 joun 9-684κ - 38800 - 39-986 - 1-0666 - 07896 - 09196 - 006141 -
60 ,, 9738 9744 379-99 34000 3666830696 09804 11649 07610 07686 00838 09706 01366 01378
70 „ 9700 9780 349-931387-61 43819 46873 09761 09438 08106 07678 01060 00779 00606 00981

1

 

