 

 

t n 6.108 (Co—e). 10⁸ A.
3){ = 1570
0 1133 0345 - 1749
0250 0845 1249 1751
0 1133 0789 1305
0250 1160 0934 1739
0· 1128 1083 1011
03333 1450 0644 17-59
0 1133 1353 0741
03333 1617 0477 1718
n = 1132 Α = 1742
s ε 00035 om
Ax ιτ- 0·0462 g
4) Ξ = 2259
0 1533 0355 1-739
01667 0807 1287 2347
0 1525 0754 1340
01667 1097 0997 2306
0 1525 1024 1070 ,
01667 1302 0792 2346
0 1541 1215 0379
01667 1-433 0661 22-23
0 1517 1337 0757
03333 1673 0421 2312
0 1533 1561 0533
0500 1367 0227 2217
0· 1533 1743 0351
0750 1983 01 1 1 1996 (2)
n=1529 A = 2234
s -= 00027 em
Ax ε.- 00600 g.
5) ᾗ 2- 2701

0· 1850 0301 1793 ’
0·166Ἰ 0802 1292 2556

575

